0.777777778 0.366666667 0.258333333 0.300000000
0.777777778 0.366666667 0.258333333 0.340000000
0.777777778 0.366666667 0.258333333 0.420000000
0.777777778 0.366666667 0.258333333 0.380000000
0.822222222 0.866666667 0.126666667 0.220000000
0.822222222 0.866666667 0.126666667 0.280000000
0.711111111 0.713333333 0.206666667 0.000000000
0.711111111 0.713333333 0.206666667 0.060000000
0.711111111 0.713333333 0.206666667 0.120000000
1.000000000 0.413333333 0.200000000 0.000000000
0.777777778 0.413333333 0.200000000 0.060000000
0.444444444 0.380000000 0.261666667 0.050000000
0.444444444 0.380000000 0.261666667 0.080000000
0.444444444 0.380000000 0.261666667 0.110000000
0.444444444 0.380000000 0.261666667 0.130000000
0.444444444 0.380000000 0.261666667 0.160000000
0.444444444 0.380000000 0.261666667 0.190000000
0.444444444 0.380000000 0.261666667 0.250000000
0.444444444 0.380000000 0.261666667 0.330000000
0.844444444 0.506666667 0.261666667 0.280000000
0.844444444 0.506666667 0.261666667 0.220000000
0.333333333 0.433333333 0.158333333 0.140000000
0.333333333 0.433333333 0.158333333 0.200000000
0.755555556 0.366666667 0.258333333 0.160000000
0.755555556 0.366666667 0.258333333 0.100000000
0.666666667 0.700000000 0.258333333 0.300000000
0.111111111 0.400000000 0.126666667 0.000000000
0.111111111 0.400000000 0.126666667 0.100000000
0.111111111 0.400000000 0.126666667 0.150000000
0.111111111 0.400000000 0.126666667 0.200000000
0.111111111 0.400000000 0.126666667 0.250000000
0.111111111 0.400000000 0.126666667 0.300000000
0.111111111 0.400000000 0.126666667 0.350000000
0.111111111 0.400000000 0.126666667 0.400000000
0.111111111 0.400000000 0.126666667 0.450000000
0.111111111 0.400000000 0.126666667 0.500000000
0.111111111 0.400000000 0.126666667 0.550000000
0.111111111 0.400000000 0.126666667 0.650000000
